4294967278,174
4294967278,228
4294967279,227
4294967279,218
4294967278,388
4294967279,214
4294967279,547
4294967278,210
4294967278,364
4294967278,363
4294967279,537
4294967278,132
4294967278,131
4294967278,129
4294967278,126
4294967278,124
4294967278,123
4294967278,122
4294967278,121
4294967278,120
4294967278,115
4294967278,113
4294967278,112
4294967278,111
4294967278,110
4294967278,108
4294967278,107
4294967278,106
4294967278,105
4294967278,104
4294967278,103
4294967278,101
4294967278,98
4294967278,96
4294967278,95
4294967278,94
4294967278,93
4294967278,92
4294967278,91
4294967278,90
4294967278,89
4294967278,86
4294967278,82
4294967278,81
4294967278,80
4294967278,79
4294967278,77
4294967278,74
4294967278,72
4294967278,71
4294967278,68
4294967278,66
4294967278,65
4294967278,64
4294967278,63
4294967278,351
4294967278,62
4294967278,61
4294967278,60
4294967278,433
4294967278,59
4294967278,58
4294967278,57
4294967278,426
4294967278,56
4294967278,55
4294967278,54
4294967278,53
4294967278,52
4294967278,51
4294967278,50
4294967278,49
4294967278,48
4294967278,47
4294967279,545
4294967279,260
4294967279,85
4294967279,84
4294967279,82
4294967279,81
4294967279,80
4294967279,79
4294967279,78
4294967279,77
4294967279,76
4294967279,75
4294967279,74
4294967279,302
4294967279,73
4294967279,72
4294967279,71
4294967279,557
4294967279,70
4294967279,69
4294967279,67
4294967279,66
4294967279,65
4294967279,64
4294967279,377
4294967279,63
4294967279,62
4294967279,61
4294967279,321
4294967279,59
4294967279,58
4294967279,57
4294967279,56
4294967279,54
4294967279,53
4294967279,52
4294967279,51
4294967279,50
4294967279,49
4294967279,47
4294967279,45
4294967279,44
4294967279,42
4294967279,40
4294967279,39
4294967279,38
4294967279,36
4294967279,35
4294967279,34
4294967279,33
4294967279,32
4294967279,31
4294967279,30
4294967279,29
4294967279,28
4294967279,27
4294967279,25
4294967279,22
4294967279,20
4294967279,19
4294967279,330
4294967279,17
4294967279,16
4294967279,11
4294967279,10
4294967279,9
4294967279,8
4294967279,7
4294967279,0
4294967279,538
4294967279,6
4294967279,4
4294967278,318
4294967294,30
4294967294,1167
4294967294,1166
4294967294,1164
4294967294,1163
4294967294,1158
4294967294,1019
4294967294,992
4294967294,990
4294967294,989
4294967294,988
4294967294,987
4294967294,60
4294967294,12
4294967279,194
4294967278,190
4294967278,189
4294967278,73
4294967278,439
4294967278,185
385,6
385,5
385,4
385,3
385,2
385,1
4294967278,183
4294967278,393
4294967278,181
4294967278,180
384,6
384,5
384,4
384,3
384,2
384,1
4294967279,165
4294967279,163
4294967279,158
4294967279,155
4294967279,43
4294967279,534
4294967279,153
4294967279,359
4294967278,297
383,6
383,5
383,4
383,3
383,2
383,1
4294967279,37
4294967279,333
4294967278,423
4294967279,145
4294967279,142
4294967279,141
4294967279,139
4294967279,138
4294967279,272
4294967279,134
4294967279,133
4294967279,271
4294967279,270
4294967279,362
382,6
4294967279,277
382,5
382,4
4294967279,265
382,3
382,2
382,1
4294967279,531
4294967278,397
4294967279,336
4294967279,261
4294967279,258
4294967279,256
4294967279,254
381,4
381,3
381,2
381,1
4294967278,260
4294967278,329
4294967278,332
4294967278,254
4294967279,546
380,5
380,4
380,3
380,2
380,1
4294967278,245
4294967278,243
4294967278,238
4294967278,236
4294967279,234
4294967279,381
379,5
379,4
379,3
379,2
379,1
4294967278,223
4294967279,222
4294967278,216
4294967279,516
4294967278,324
4294967278,211
4294967278,130
4294967278,128
4294967278,127
4294967278,125
4294967278,119
4294967278,118
4294967278,117
4294967278,116
4294967278,114
4294967278,109
4294967278,361
4294967279,26
4294967279,24
4294967279,23
4294967279,382
4294967279,21
4294967279,18
4294967279,15
4294967279,14
4294967279,13
4294967279,12
4294967279,5
4294967294,92
4294967294,88
4294967278,206
4294967279,206
4294967278,205
4294967278,204
4294967278,201
4294967278,200
378,6
378,5
378,4
4294967278,195
378,3
378,2
378,1
4294967278,193
4294967278,192
4294967278,191
4294967279,189
4294967278,188
377,6
377,5
377,4
377,3
377,2
377,1
4294967279,180
4294967279,168
4294967279,164
4294967279,544
4294967279,162
4294967294,388
4294967294,387
4294967294,51
4294967279,549
376,6
4294967278,158
376,5
376,4
376,3
376,2
376,1
4294967278,362
4294967279,147
4294967279,140
4294967294,41
4294967294,36
4294967294,43
4294967278,398
375,6
375,5
375,4
375,3
375,2
375,1
4294967278,421
4294967279,513
4294967278,269
4294967278,265
4294967279,275
4294967279,335
4294967278,391
4294967279,257
4294967294,53
4294967279,565
4294967278,385
4294967294,89
4294967294,417
4294967294,52
374,4
374,3
374,2
374,1
4294967278,257
4294967278,373
4294967279,563
4294967278,372
4294967278,338
4294967278,334
4294967278,333
4294967294,83
4294967294,84
4294967278,387
4294967279,368
373,5
4294967279,250
373,4
4294967278,253
373,3
373,2
373,1
4294967279,249
4294967278,248
4294967278,331
4294967279,320
4294967278,360
4294967278,0
4294967278,246
4294967279,245
4294967278,237
4294967294,22
4294967294,82
4294967279,366
4294967294,0
